function A = bipartite_matrix()
    A = [
        0, 2,  0, 3, 11,  0;
        2, 0,  5, 0,  0,  0;
        0, 5,  0, 7,  0, 13;
        3, 0,  7, 0,  0,  0;
       11, 0,  0, 0,  0,  0;
        0, 0, 13, 0,  0,  0;
    ];
endfunction