function A = K43()
    A = [
         0,   5,   0,  11,   0,  17,   0;
         5,   0,  23,   0,  31,   0,  41;
         0,  23,   0,  43,   0,  53,   0;
        11,   0,  43,   0,  61,   0,  71;
         0,  31,   0,  61,   0,  73,   0;
        17,   0,  53,   0,  73,   0,  83;
         0,  41,   0,  71,   0,  83,   0;
    ];
endfunction